young_inman_pettit_cheerala_goetz_hill_means,
arrivals,Delta
12:32:08,
12:32:09,00:00:01
12:32:46,00:00:37
12:33:52,00:01:06
12:34:11,00:00:19
12:34:23,00:00:12
12:34:50,00:00:27
12:34:52,00:00:02
12:37:13,00:02:21
12:37:31,00:00:18
12:42:37,00:05:06
12:42:52,00:00:15
12:44:44,00:01:52
12:44:49,00:00:05
12:44:53,00:00:04
12:49:24,00:04:31
12:50:06,00:00:42
12:50:34,00:00:28
12:51:03,00:00:29
12:51:14,00:00:11
12:51:53,00:00:39
12:52:43,00:00:50
12:53:18,00:00:35
12:12:04,
12:12:08,00:00:04
12:13:15,00:01:07
12:14:17,00:01:02
12:14:52,00:00:35
12:15:19,00:00:27
12:16:54,00:01:35
12:16:59,00:00:05
12:17:00,00:00:01
12:18:02,00:01:02
12:18:27,00:00:25
12:18:29,00:00:02
12:19:20,00:00:51
12:19:27,00:00:07
12:19:46,00:00:19
12:21:47,00:02:01
12:22:57,00:01:10
12:25:02,00:02:05
12:29:08,00:04:06
12:29:46,00:00:38
12:30:17,00:00:31
12:30:49,00:00:32
12:31:31,00:00:42
12:32:15,00:00:44
12:32:51,00:00:36
12:34:29,00:01:38
12:38:26,00:03:57
12:39:20,00:00:54
12:39:48,00:00:28
12:39:49,00:00:01
12:40:39,00:00:50
12:40:48,00:00:09
12:41:26,00:00:38
12:08:20,
12:09:04,00:00:44
12:09:16,00:00:12
12:10:46,00:01:30
12:12:38,00:01:52
12:13:28,00:00:50
12:14:22,00:00:54
12:14:35,00:00:13
12:14:54,00:00:19
12:15:31,00:00:37
12:15:58,00:00:27
12:16:52,00:00:54
12:16:55,00:00:03
12:17:32,00:00:37
12:18:31,00:00:59
12:18:36,00:00:05
12:19:01,00:00:25
12:21:45,00:02:44
12:22:08,00:00:23
12:22:14,00:00:06
12:22:52,00:00:38
12:23:07,00:00:15
12:24:23,00:01:16
12:24:26,00:00:03
12:24:31,00:00:05
12:24:54,00:00:23
12:28:08,00:03:14
12:29:37,00:01:29
12:30:47,00:01:10
12:31:32,00:00:45
12:31:57,00:00:25
12:32:29,00:00:32
12:33:26,00:00:57
12:34:43,00:01:17
12:35:33,00:00:50
12:36:35,00:01:02
12:36:40,00:00:05
11:55:13,
11:55:16,00:00:03
11:55:33,00:00:17
11:55:40,00:00:07
11:56:14,00:00:34
11:56:40,00:00:26
11:57:24,00:00:44
11:57:37,00:00:13
11:59:55,00:02:18
12:00:14,00:00:19
12:01:54,00:01:40
12:02:17,00:00:23
12:02:38,00:00:21
12:03:07,00:00:29
12:04:24,00:01:17
12:05:47,00:01:23
12:06:27,00:00:40
12:06:50,00:00:23
12:08:22,00:01:32
12:08:50,00:00:28
12:09:00,00:00:10
12:09:32,00:00:32
12:09:53,00:00:21
12:10:23,00:00:30
12:10:30,00:00:07
12:11:25,00:00:55
12:11:42,00:00:17
12:12:30,00:00:48
12:13:38,00:01:08
12:13:44,00:00:06
12:13:44,00:00:00
12:14:57,00:01:13
12:14:59,00:00:02
12:15:39,00:00:40
12:16:37,00:00:58
12:17:41,00:01:04
12:19:00,00:01:19
12:19:13,00:00:13
12:20:15,00:01:02
12:21:19,00:01:04
12:23:00,00:01:41
12:23:01,00:00:01
12:23:03,00:00:02
11:55:05,
11:55:38,00:00:33
11:55:41,00:00:03
11:55:42,00:00:01
11:57:20,00:01:38
11:57:45,00:00:25
12:00:47,00:03:02
12:01:11,00:00:24
12:02:00,00:00:49
12:02:15,00:00:15
12:02:41,00:00:26
12:02:57,00:00:16
12:03:46,00:00:49
12:04:14,00:00:28
12:05:37,00:01:23
12:06:24,00:00:47
12:08:30,00:02:06
12:08:42,00:00:12
11:38:00,
11:39:44,00:01:44
11:39:51,00:00:07
11:40:06,00:00:15
11:41:36,00:01:30
11:42:26,00:00:50
11:43:02,00:00:36
11:43:38,00:00:36
11:43:55,00:00:17
11:45:13,00:01:18
11:45:19,00:00:06
11:46:43,00:01:24
11:47:55,00:01:12
11:48:00,00:00:05
11:51:22,00:03:22
11:51:58,00:00:36
11:52:43,00:00:45
11:52:49,00:00:06
11:53:59,00:01:10
11:54:08,00:00:09
11:56:15,00:02:07
11:56:36,00:00:21
11:56:47,00:00:11
11:20:10,
11:20:20,00:00:10
11:22:15,00:01:55
11:22:40,00:00:25
11:22:50,00:00:10
11:23:11,00:00:21
11:23:20,00:00:09
11:25:35,00:02:15
11:25:42,00:00:07
11:25:51,00:00:09
11:27:01,00:01:10
11:28:13,00:01:12
11:28:36,00:00:23
11:30:14,00:01:38
11:30:25,00:00:11
11:30:45,00:00:20
11:32:22,00:01:37
11:32:34,00:00:12
11:33:35,00:01:01
